11111111111111111111111111111111
10000000000000000000000000000011
10001000000000000000000010000001
10000000000000000000000000000011
10000000010000001000000000000001
10000000000000000000000000000011
10000000000000000000000010000001
10000000000000000000000000000011
10000000000000000000000000000001
10000000000000000001000000000011
10000000100000000000000000000001
10000000000000001000000000000011
10000001000000000000000010000001
10000000000000000000000000000011
10000000000000000000000000000001
12000000000000000100000000000021
12001000000000000000000000000021
10000000000000000000000000000011
10000000000000000000100000000001
10000000010000000000000000000011
10000000000000000000000000000001
10000000000001000000001000000011
10000000000000000000000000000001
10001000000000000000000000000011
10000000000000000000000000000001
10000000000001000000000000000011
10000000000000000000000000000001
10001011011100000000000000000011
10001000000000000000000010000001
10001111111000000000000000000011
10000000000000000000000000000001
11111111111111111111111111111111